[gd_scene format=3 uid="uid://db87juw48ece6"]

[ext_resource type="PackedScene" uid="uid://dd6u726r5u81u" path="res://assets/NatureAssets/forest_floor/boulders/Boulder_02_flat.glb" id="1_3wi58"]
[ext_resource type="PackedScene" uid="uid://c66wr0ew87bjs" path="res://assets/NatureAssets/forest_floor/bushes/Bush_L_flat.glb" id="2_3hbxn"]
[ext_resource type="PackedScene" uid="uid://c3cpuqbbvb8dh" path="res://assets/NatureAssets/forest_floor/bushes/Bush_M_flat.glb" id="3_eud85"]
[ext_resource type="PackedScene" uid="uid://jl340age6ix" path="res://assets/NatureAssets/forest_floor/bushes/Bush_with_Flowers_flat.glb" id="4_kltm4"]
[ext_resource type="PackedScene" uid="uid://c0oxomj48q55t" path="res://assets/NatureAssets/forest_floor/bushes/Bush_Clumps_M_flat.glb" id="5_k1hb6"]
[ext_resource type="PackedScene" uid="uid://do4f4lkyvv8id" path="res://assets/NatureAssets/forest_floor/grass/Grass_S_flat.glb" id="6_j7ujn"]
[ext_resource type="PackedScene" uid="uid://d23ci5l3mctc8" path="res://assets/NatureAssets/forest_floor/grass/Grass_M_flat.glb" id="7_56cgg"]
[ext_resource type="PackedScene" uid="uid://byksg4okm7s1o" path="res://assets/NatureAssets/forest_floor/grass/Grass_L_flat.glb" id="8_6mxwh"]
[ext_resource type="PackedScene" uid="uid://dve6neabqec45" path="res://assets/NatureAssets/forest_floor/logs_and_stumps/Fallen_Log_flat.glb" id="9_sklnw"]
[ext_resource type="PackedScene" uid="uid://bt5bi4e2cr3yx" path="res://assets/NatureAssets/forest_floor/logs_and_stumps/Tree_Stump_flat.glb" id="10_vg5u8"]
[ext_resource type="PackedScene" uid="uid://c22ee8jftbngk" path="res://assets/NatureAssets/forest_floor/rocks/Rock_03_flat.glb" id="11_bum17"]
[ext_resource type="PackedScene" uid="uid://d1w3h38bt0xdx" path="res://assets/NatureAssets/forest_floor/rocks/Rock_10_flat.glb" id="12_wbbd1"]
[ext_resource type="PackedScene" uid="uid://bf2oqd8r1l7wg" path="res://assets/NatureAssets/forest_floor/rocks/Rock_01_flat.glb" id="13_2032a"]
[ext_resource type="PackedScene" uid="uid://cav54tkhj5uqr" path="res://assets/NatureAssets/forest_floor/rocks/Rock_07_flat.glb" id="14_80ta5"]
[ext_resource type="PackedScene" uid="uid://bmeng4trq5nfy" path="res://assets/NatureAssets/forest_floor/rocks/Rock_02_flat.glb" id="15_5t3hu"]
[ext_resource type="PackedScene" uid="uid://dlqx46ex1xteg" path="res://assets/NatureAssets/forest_floor/rocks/Rock_05_flat.glb" id="16_do13j"]
[ext_resource type="PackedScene" uid="uid://dih6r7th5xqfr" path="res://assets/NatureAssets/forest_floor/rocks/Rock_06_flat.glb" id="17_u6qfm"]
[ext_resource type="PackedScene" uid="uid://dc5qrar80kvrd" path="res://assets/NatureAssets/forest_floor/rocks/Rock_08_flat.glb" id="18_1xt2o"]
[ext_resource type="PackedScene" uid="uid://cxdaqpylgd6b4" path="res://assets/NatureAssets/forest_floor/rocks/Rock_04_flat.glb" id="19_orphq"]
[ext_resource type="PackedScene" uid="uid://cpadqcq7hf1p4" path="res://assets/NatureAssets/forest_floor/shrooms/Mushroom_Brown_L_flat.glb" id="20_442ik"]
[ext_resource type="PackedScene" uid="uid://crclrhmydocbb" path="res://assets/NatureAssets/forest_floor/shrooms/Mushroom_Brown_S_flat.glb" id="21_p6c3g"]
[ext_resource type="PackedScene" uid="uid://dssaysv0llmia" path="res://assets/NatureAssets/forest_floor/shrooms/Mushroom_Brown_M_flat.glb" id="22_x4kg2"]
[ext_resource type="PackedScene" uid="uid://cgmlx3vbj01le" path="res://assets/NatureAssets/forest_floor/shrooms/Mushroom_Red_L_flat.glb" id="23_76xsw"]
[ext_resource type="PackedScene" uid="uid://c3wwtxlx2blt5" path="res://assets/NatureAssets/forest_floor/shrooms/Mushroom_Red_S_flat.glb" id="24_dah3b"]
[ext_resource type="PackedScene" uid="uid://dsaf6btu14qle" path="res://assets/NatureAssets/trees/other/Elm_flat.glb" id="25_sv5ar"]
[ext_resource type="PackedScene" uid="uid://dsowhj0fi7vvu" path="res://assets/NatureAssets/trees/spruce/Spruce_L_flat.glb" id="26_ki0sn"]
[ext_resource type="PackedScene" uid="uid://dmmlaxyekl6hf" path="res://assets/NatureAssets/trees/pine/Pine_S_flat.glb" id="27_0nkm2"]
[ext_resource type="PackedScene" uid="uid://14seufqqu2pe" path="res://assets/NatureAssets/trees/spruce/Spruce_S_flat.glb" id="28_0b4fa"]
[ext_resource type="PackedScene" uid="uid://bw0jmukhlspj" path="res://assets/NatureAssets/trees/cypress/Cypress_S_flat.glb" id="29_dbpyk"]
[ext_resource type="PackedScene" uid="uid://u2k6tst560md" path="res://assets/NatureAssets/trees/pine/Pine_H_flat.glb" id="30_skbn6"]
[ext_resource type="PackedScene" uid="uid://dymjiual0ydse" path="res://assets/NatureAssets/trees/other/Windswept_Tree_flat.glb" id="31_wrohf"]
[ext_resource type="PackedScene" uid="uid://clyv1pv63jwer" path="res://assets/NatureAssets/trees/cypress/Cypress_L_flat.glb" id="32_w2u5t"]
[ext_resource type="PackedScene" uid="uid://haphhj7i5sjc" path="res://assets/NatureAssets/trees/birch/Birch_S_flat.glb" id="33_tr8fs"]
[ext_resource type="PackedScene" uid="uid://drsvhu0dmb07h" path="res://assets/NatureAssets/trees/cypress/Cypress_M_flat.glb" id="34_o3kc1"]
[ext_resource type="PackedScene" uid="uid://csjn7l8tb538x" path="res://assets/NatureAssets/trees/spruce/Spruce_M_flat.glb" id="35_g3hjk"]
[ext_resource type="PackedScene" uid="uid://wpwkg4j0udta" path="res://assets/NatureAssets/trees/pine/Pine_M_flat.glb" id="36_mkil7"]
[ext_resource type="PackedScene" uid="uid://dtwqiwv04w2og" path="res://assets/NatureAssets/trees/other/Maple_flat_red.glb" id="37_x4mju"]
[ext_resource type="PackedScene" uid="uid://dt1yug0kha3ed" path="res://assets/NatureAssets/trees/pine/Pine_L_flat.glb" id="38_5v7pn"]
[ext_resource type="PackedScene" uid="uid://df1hwu3m53oh6" path="res://assets/NatureAssets/trees/other/Maple_flat.glb" id="39_lskqb"]
[ext_resource type="PackedScene" uid="uid://catuqf2eh211" path="res://assets/NatureAssets/trees/birch/Birch_H_flat.glb" id="40_c1s6m"]
[ext_resource type="PackedScene" uid="uid://djylq8p82iyo7" path="res://assets/NatureAssets/trees/birch/Birch_L_flat.glb" id="41_lfbdq"]
[ext_resource type="PackedScene" uid="uid://bfuts6elxn6e5" path="res://assets/NatureAssets/trees/other/Mistletoe_Tree_flat.glb" id="42_d4nnh"]
[ext_resource type="PackedScene" uid="uid://gaiiy7k6s8m2" path="res://assets/NatureAssets/trees/birch/Birch_M_flat.glb" id="43_es88h"]

[node name="Forest" type="Node3D" unique_id=947826763]

[node name="GeneratedForestFloor" type="Node3D" parent="." unique_id=1364767117]

[node name="Boulder_02_flat" parent="GeneratedForestFloor" unique_id=771884764 instance=ExtResource("1_3wi58")]
transform = Transform3D(-0.9990194, 0, 0.044275023, 0, 1, 0, -0.044275023, 0, -0.9990194, -67.410385, 0, -87.34451)

[node name="_Node3D_94562" parent="GeneratedForestFloor" unique_id=1396086055 instance=ExtResource("1_3wi58")]
transform = Transform3D(-0.9818845, 0, -0.18948044, 0, 1, 0, 0.18948044, 0, -0.9818845, 64.951416, 0, 16.660454)

[node name="_Node3D_94563" parent="GeneratedForestFloor" unique_id=776792605 instance=ExtResource("1_3wi58")]
transform = Transform3D(-0.80797946, 0, 0.5892106, 0, 1, 0, -0.5892106, 0, -0.80797946, 15.383315, 0, 87.22823)

[node name="Bush_L_flat" parent="GeneratedForestFloor" unique_id=1750058153 instance=ExtResource("2_3hbxn")]
transform = Transform3D(0.86265725, 0, -0.5057889, 0, 1, 0, 0.5057889, 0, 0.86265725, -72.97547, 0, -87.34218)

[node name="Bush_M_flat" parent="GeneratedForestFloor" unique_id=1410136659 instance=ExtResource("3_eud85")]
transform = Transform3D(-0.57259315, 0, 0.81983966, 0, 1, 0, -0.81983966, 0, -0.57259315, -82.42933, 0, -23.131159)

[node name="_Node3D_94564" parent="GeneratedForestFloor" unique_id=91559985 instance=ExtResource("2_3hbxn")]
transform = Transform3D(0.93867123, 0, 0.34481353, 0, 1, 0, -0.34481353, 0, 0.93867123, 79.45962, 0, -59.51205)

[node name="_Node3D_94565" parent="GeneratedForestFloor" unique_id=474631562 instance=ExtResource("3_eud85")]
transform = Transform3D(-0.22093564, 0, 0.9752884, 0, 1, 0, -0.9752884, 0, -0.22093564, -49.057228, 0, 58.039364)

[node name="_Node3D_94566" parent="GeneratedForestFloor" unique_id=206934658 instance=ExtResource("3_eud85")]
transform = Transform3D(-0.9988709, 0, 0.047506716, 0, 1, 0, -0.047506716, 0, -0.9988709, 99.2117, 0, -34.86951)

[node name="_Node3D_94567" parent="GeneratedForestFloor" unique_id=832878832 instance=ExtResource("4_kltm4")]
transform = Transform3D(-0.41244474, 0, -0.9109826, 0, 1, 0, 0.9109826, 0, -0.41244474, 11.780577, 0, -95.77742)

[node name="Bush_Clumps_M_flat" parent="GeneratedForestFloor" unique_id=1186049858 instance=ExtResource("5_k1hb6")]
transform = Transform3D(0.83108205, 0, 0.5561498, 0, 1, 0, -0.5561498, 0, 0.83108205, 58.34968, 0, -82.93369)

[node name="_Node3D_94568" parent="GeneratedForestFloor" unique_id=2029189140 instance=ExtResource("3_eud85")]
transform = Transform3D(0.5979087, 0, -0.8015642, 0, 1, 0, 0.8015642, 0, 0.5979087, 71.42919, 0, 43.8438)

[node name="_Node3D_94569" parent="GeneratedForestFloor" unique_id=1715858449 instance=ExtResource("3_eud85")]
transform = Transform3D(0.46975288, 0, 0.88279796, 0, 1, 0, -0.88279796, 0, 0.46975288, -58.58915, 0, 19.058842)

[node name="Grass_S_flat" parent="GeneratedForestFloor" unique_id=787859023 instance=ExtResource("6_j7ujn")]
transform = Transform3D(0.1588134, 0, -0.9873086, 0, 1, 0, 0.9873086, 0, 0.1588134, -73.03557, 0, 44.787968)

[node name="_Node3D_94570" parent="GeneratedForestFloor" unique_id=1797216798 instance=ExtResource("6_j7ujn")]
transform = Transform3D(0.9968066, 0, 0.079853125, 0, 1, 0, -0.079853125, 0, 0.9968066, 79.61108, 0, 52.173344)

[node name="Grass_M_flat" parent="GeneratedForestFloor" unique_id=1601223471 instance=ExtResource("7_56cgg")]
transform = Transform3D(0.6330732, 0, -0.77409196, 0, 1, 0, 0.77409196, 0, 0.6330732, -14.669607, 0, 23.648405)

[node name="_Node3D_94571" parent="GeneratedForestFloor" unique_id=253496584 instance=ExtResource("7_56cgg")]
transform = Transform3D(-0.20765539, 0, -0.97820204, 0, 1, 0, 0.97820204, 0, -0.20765539, -48.06686, 0, -22.91572)

[node name="Grass_L_flat" parent="GeneratedForestFloor" unique_id=1682132519 instance=ExtResource("8_6mxwh")]
transform = Transform3D(0.94123834, 0, 0.33774304, 0, 1, 0, -0.33774304, 0, 0.94123834, 76.6214, 0, 52.57845)

[node name="_Node3D_94572" parent="GeneratedForestFloor" unique_id=905248767 instance=ExtResource("8_6mxwh")]
transform = Transform3D(-0.8776216, 0, -0.4793541, 0, 1, 0, 0.4793541, 0, -0.8776216, -81.91208, 0, 74.04419)

[node name="_Node3D_94573" parent="GeneratedForestFloor" unique_id=1662807615 instance=ExtResource("6_j7ujn")]
transform = Transform3D(0.6681188, 0, -0.7440547, 0, 1, 0, 0.7440547, 0, 0.6681188, -91.99008, 0, 22.982714)

[node name="_Node3D_94574" parent="GeneratedForestFloor" unique_id=594520896 instance=ExtResource("7_56cgg")]
transform = Transform3D(0.5991604, 0, -0.8006291, 0, 1, 0, 0.8006291, 0, 0.5991604, 20.894636, 0, -7.603048)

[node name="_Node3D_94575" parent="GeneratedForestFloor" unique_id=334187409 instance=ExtResource("6_j7ujn")]
transform = Transform3D(0.587143, 0, -0.80948323, 0, 1, 0, 0.80948323, 0, 0.587143, -78.67978, 0, -14.866351)

[node name="_Node3D_94576" parent="GeneratedForestFloor" unique_id=1883314580 instance=ExtResource("6_j7ujn")]
transform = Transform3D(-0.90759826, 0, 0.4198397, 0, 1, 0, -0.4198397, 0, -0.90759826, 5.671644, 0, 86.64544)

[node name="_Node3D_94577" parent="GeneratedForestFloor" unique_id=1968964613 instance=ExtResource("6_j7ujn")]
transform = Transform3D(0.9389657, 0, -0.34401086, 0, 1, 0, 0.34401086, 0, 0.9389657, 80.77867, 0, -61.821926)

[node name="_Node3D_94578" parent="GeneratedForestFloor" unique_id=638791726 instance=ExtResource("7_56cgg")]
transform = Transform3D(0.96016973, 0, 0.27941734, 0, 1, 0, -0.27941734, 0, 0.96016973, -97.79103, 0, 78.82745)

[node name="_Node3D_94579" parent="GeneratedForestFloor" unique_id=507084434 instance=ExtResource("8_6mxwh")]
transform = Transform3D(0.64600074, 0, 0.7633368, 0, 1, 0, -0.7633368, 0, 0.64600074, 66.713524, 0, -70.10097)

[node name="_Node3D_94580" parent="GeneratedForestFloor" unique_id=997467760 instance=ExtResource("6_j7ujn")]
transform = Transform3D(0.016356705, 0, 0.99986625, 0, 1, 0, -0.99986625, 0, 0.016356705, 45.375977, 0, 14.877098)

[node name="_Node3D_94581" parent="GeneratedForestFloor" unique_id=1144707778 instance=ExtResource("8_6mxwh")]
transform = Transform3D(0.643844, 0, -0.76515675, 0, 1, 0, 0.76515675, 0, 0.643844, -34.27509, 0, -50.433704)

[node name="_Node3D_94582" parent="GeneratedForestFloor" unique_id=1296386476 instance=ExtResource("6_j7ujn")]
transform = Transform3D(0.079756826, 0, 0.99681437, 0, 1, 0, -0.99681437, 0, 0.079756826, -97.19514, 0, 95.81978)

[node name="_Node3D_94583" parent="GeneratedForestFloor" unique_id=45354583 instance=ExtResource("6_j7ujn")]
transform = Transform3D(0.09108687, 0, 0.99584293, 0, 1, 0, -0.99584293, 0, 0.09108687, 74.41568, 0, -6.439562)

[node name="_Node3D_94584" parent="GeneratedForestFloor" unique_id=663254958 instance=ExtResource("7_56cgg")]
transform = Transform3D(-0.17586869, 0, -0.9844136, 0, 1, 0, 0.9844136, 0, -0.17586869, -46.491127, 0, 62.966408)

[node name="_Node3D_94585" parent="GeneratedForestFloor" unique_id=800702899 instance=ExtResource("8_6mxwh")]
transform = Transform3D(0.99004793, 0, -0.14073075, 0, 1, 0, 0.14073075, 0, 0.99004793, -66.123375, 0, 29.385582)

[node name="_Node3D_94586" parent="GeneratedForestFloor" unique_id=1093733673 instance=ExtResource("6_j7ujn")]
transform = Transform3D(-0.89006627, 0, -0.4558312, 0, 1, 0, 0.4558312, 0, -0.89006627, 10.556836, 0, -93.68886)

[node name="_Node3D_94587" parent="GeneratedForestFloor" unique_id=1838232565 instance=ExtResource("6_j7ujn")]
transform = Transform3D(-0.8861123, 0, -0.46347067, 0, 1, 0, 0.46347067, 0, -0.8861123, -18.474968, 0, 7.291833)

[node name="_Node3D_94588" parent="GeneratedForestFloor" unique_id=831503322 instance=ExtResource("6_j7ujn")]
transform = Transform3D(-0.79995394, 0, -0.6000614, 0, 1, 0, 0.6000614, 0, -0.79995394, 46.448307, 0, -82.86092)

[node name="_Node3D_94589" parent="GeneratedForestFloor" unique_id=1953981883 instance=ExtResource("6_j7ujn")]
transform = Transform3D(-0.7159756, 0, 0.6981253, 0, 1, 0, -0.6981253, 0, -0.7159756, 81.33221, 0, -64.747696)

[node name="_Node3D_94590" parent="GeneratedForestFloor" unique_id=1209689766 instance=ExtResource("8_6mxwh")]
transform = Transform3D(-0.482578, 0, 0.875853, 0, 1, 0, -0.875853, 0, -0.482578, -63.66424, 0, 78.17198)

[node name="_Node3D_94591" parent="GeneratedForestFloor" unique_id=757598090 instance=ExtResource("6_j7ujn")]
transform = Transform3D(-0.37864855, 0, 0.9255405, 0, 1, 0, -0.9255405, 0, -0.37864855, -99.7355, 0, -69.82068)

[node name="_Node3D_94592" parent="GeneratedForestFloor" unique_id=491278837 instance=ExtResource("7_56cgg")]
transform = Transform3D(-0.20190273, 0, 0.9794056, 0, 1, 0, -0.9794056, 0, -0.20190273, -62.414078, 0, -37.89497)

[node name="_Node3D_94593" parent="GeneratedForestFloor" unique_id=1884998173 instance=ExtResource("7_56cgg")]
transform = Transform3D(0.6463805, 0, 0.7630152, 0, 1, 0, -0.7630152, 0, 0.6463805, 83.071625, 0, 14.246496)

[node name="_Node3D_94594" parent="GeneratedForestFloor" unique_id=1460223769 instance=ExtResource("7_56cgg")]
transform = Transform3D(0.9513791, 0, 0.3080224, 0, 1, 0, -0.3080224, 0, 0.9513791, 10.567285, 0, 37.07701)

[node name="_Node3D_94595" parent="GeneratedForestFloor" unique_id=666213483 instance=ExtResource("8_6mxwh")]
transform = Transform3D(0.4855602, 0, -0.87420326, 0, 1, 0, 0.87420326, 0, 0.4855602, -99.8371, 0, -55.208874)

[node name="_Node3D_94596" parent="GeneratedForestFloor" unique_id=1583385409 instance=ExtResource("7_56cgg")]
transform = Transform3D(-0.33817762, 0, 0.9410823, 0, 1, 0, -0.9410823, 0, -0.33817762, 86.05022, 0, -12.51687)

[node name="_Node3D_94597" parent="GeneratedForestFloor" unique_id=1348158645 instance=ExtResource("6_j7ujn")]
transform = Transform3D(-0.6779592, 0, -0.7350995, 0, 1, 0, 0.7350995, 0, -0.6779592, -44.697037, 0, 7.0030236)

[node name="_Node3D_94598" parent="GeneratedForestFloor" unique_id=1656908464 instance=ExtResource("8_6mxwh")]
transform = Transform3D(0.9565054, 0, -0.2917146, 0, 1, 0, 0.2917146, 0, 0.9565054, -15.558396, 0, -12.253967)

[node name="_Node3D_94599" parent="GeneratedForestFloor" unique_id=331397193 instance=ExtResource("8_6mxwh")]
transform = Transform3D(-0.8673773, 0, 0.49765113, 0, 1, 0, -0.49765113, 0, -0.8673773, 42.77649, 0, 90.89235)

[node name="_Node3D_94600" parent="GeneratedForestFloor" unique_id=853328542 instance=ExtResource("6_j7ujn")]
transform = Transform3D(-0.47593302, 0, -0.87948155, 0, 1, 0, 0.87948155, 0, -0.47593302, 36.355152, 0, -86.63768)

[node name="_Node3D_94601" parent="GeneratedForestFloor" unique_id=1155184340 instance=ExtResource("6_j7ujn")]
transform = Transform3D(0.9839967, 0, -0.17818674, 0, 1, 0, 0.17818674, 0, 0.9839967, 9.425351, 0, 75.12018)

[node name="_Node3D_94602" parent="GeneratedForestFloor" unique_id=540513693 instance=ExtResource("7_56cgg")]
transform = Transform3D(0.96594614, 0, 0.25874326, 0, 1, 0, -0.25874326, 0, 0.96594614, -87.66601, 0, 7.6501665)

[node name="_Node3D_94603" parent="GeneratedForestFloor" unique_id=657154088 instance=ExtResource("8_6mxwh")]
transform = Transform3D(-0.98864776, 0, 0.15025163, 0, 1, 0, -0.15025163, 0, -0.98864776, -34.653664, 0, -27.81595)

[node name="_Node3D_94604" parent="GeneratedForestFloor" unique_id=1076320616 instance=ExtResource("7_56cgg")]
transform = Transform3D(-0.242431, 0, -0.97016865, 0, 1, 0, 0.97016865, 0, -0.242431, 1.1811898, 0, -92.965096)

[node name="_Node3D_94605" parent="GeneratedForestFloor" unique_id=364092105 instance=ExtResource("8_6mxwh")]
transform = Transform3D(0.1508837, 0, -0.9885515, 0, 1, 0, 0.9885515, 0, 0.1508837, 78.85932, 0, 81.81553)

[node name="_Node3D_94606" parent="GeneratedForestFloor" unique_id=1378953939 instance=ExtResource("8_6mxwh")]
transform = Transform3D(0.008482907, 0, -0.999964, 0, 1, 0, 0.999964, 0, 0.008482907, -39.678642, 0, 62.918194)

[node name="_Node3D_94607" parent="GeneratedForestFloor" unique_id=713207122 instance=ExtResource("7_56cgg")]
transform = Transform3D(-0.7236888, 0, -0.6901264, 0, 1, 0, 0.6901264, 0, -0.7236888, 80.827194, 0, 31.21277)

[node name="_Node3D_94608" parent="GeneratedForestFloor" unique_id=1411720486 instance=ExtResource("8_6mxwh")]
transform = Transform3D(-0.17041828, 0, 0.9853718, 0, 1, 0, -0.9853718, 0, -0.17041828, 7.6630883, 0, -46.14825)

[node name="_Node3D_94609" parent="GeneratedForestFloor" unique_id=461052525 instance=ExtResource("8_6mxwh")]
transform = Transform3D(0.07849004, 0, 0.9969149, 0, 1, 0, -0.9969149, 0, 0.07849004, -81.839455, 0, 59.85969)

[node name="_Node3D_94610" parent="GeneratedForestFloor" unique_id=45033941 instance=ExtResource("6_j7ujn")]
transform = Transform3D(-0.51452786, 0, -0.8574737, 0, 1, 0, 0.8574737, 0, -0.51452786, -4.874234, 0, -5.3838806)

[node name="_Node3D_94611" parent="GeneratedForestFloor" unique_id=514915967 instance=ExtResource("7_56cgg")]
transform = Transform3D(-0.28889844, 0, -0.95735973, 0, 1, 0, 0.95735973, 0, -0.28889844, 48.148045, 0, -17.672577)

[node name="_Node3D_94612" parent="GeneratedForestFloor" unique_id=431395811 instance=ExtResource("6_j7ujn")]
transform = Transform3D(0.93647677, 0, -0.3507296, 0, 1, 0, 0.3507296, 0, 0.93647677, -64.785805, 0, 71.473885)

[node name="_Node3D_94613" parent="GeneratedForestFloor" unique_id=1678871858 instance=ExtResource("8_6mxwh")]
transform = Transform3D(0.9677606, 0, 0.25187176, 0, 1, 0, -0.25187176, 0, 0.9677606, -52.35611, 0, -59.752598)

[node name="_Node3D_94614" parent="GeneratedForestFloor" unique_id=302632251 instance=ExtResource("7_56cgg")]
transform = Transform3D(-0.17616193, 0, -0.9843612, 0, 1, 0, 0.9843612, 0, -0.17616193, 28.765654, 0, -35.802418)

[node name="_Node3D_94615" parent="GeneratedForestFloor" unique_id=993091150 instance=ExtResource("7_56cgg")]
transform = Transform3D(-0.9843457, 0, -0.1762487, 0, 1, 0, 0.1762487, 0, -0.9843457, -0.7963208, 0, 56.611313)

[node name="_Node3D_94616" parent="GeneratedForestFloor" unique_id=1714316268 instance=ExtResource("8_6mxwh")]
transform = Transform3D(0.109631345, 0, 0.9939723, 0, 1, 0, -0.9939723, 0, 0.109631345, 79.850174, 0, 40.48837)

[node name="_Node3D_94617" parent="GeneratedForestFloor" unique_id=1866217205 instance=ExtResource("6_j7ujn")]
transform = Transform3D(-0.7831126, 0, -0.62188, 0, 1, 0, 0.62188, 0, -0.7831126, 2.376867, 0, 96.728714)

[node name="_Node3D_94618" parent="GeneratedForestFloor" unique_id=1998772862 instance=ExtResource("7_56cgg")]
transform = Transform3D(0.29594994, 0, 0.9552035, 0, 1, 0, -0.9552035, 0, 0.29594994, 98.17422, 0, 3.3496516)

[node name="_Node3D_94619" parent="GeneratedForestFloor" unique_id=985343490 instance=ExtResource("7_56cgg")]
transform = Transform3D(0.7333368, 0, 0.67986554, 0, 1, 0, -0.67986554, 0, 0.7333368, -60.02274, 0, 89.31387)

[node name="_Node3D_94620" parent="GeneratedForestFloor" unique_id=556897559 instance=ExtResource("8_6mxwh")]
transform = Transform3D(0.6425811, 0, 0.76621765, 0, 1, 0, -0.76621765, 0, 0.6425811, -78.66816, 0, 1.1921327)

[node name="_Node3D_94621" parent="GeneratedForestFloor" unique_id=1497580087 instance=ExtResource("7_56cgg")]
transform = Transform3D(0.5352357, 0, -0.8447028, 0, 1, 0, 0.8447028, 0, 0.5352357, 0.33921015, 0, -49.11427)

[node name="_Node3D_94622" parent="GeneratedForestFloor" unique_id=1053376458 instance=ExtResource("8_6mxwh")]
transform = Transform3D(0.90416086, 0, -0.42719218, 0, 1, 0, 0.42719218, 0, 0.90416086, -89.905624, 0, 93.90987)

[node name="_Node3D_94623" parent="GeneratedForestFloor" unique_id=313645631 instance=ExtResource("7_56cgg")]
transform = Transform3D(0.7436446, 0, 0.6685751, 0, 1, 0, -0.6685751, 0, 0.7436446, 10.298319, 0, -79.63584)

[node name="_Node3D_94624" parent="GeneratedForestFloor" unique_id=767458297 instance=ExtResource("7_56cgg")]
transform = Transform3D(0.86035, 0, -0.50970376, 0, 1, 0, 0.50970376, 0, 0.86035, 87.879105, 0, 80.6115)

[node name="_Node3D_94625" parent="GeneratedForestFloor" unique_id=427230707 instance=ExtResource("7_56cgg")]
transform = Transform3D(0.96391505, 0, 0.26621008, 0, 1, 0, -0.26621008, 0, 0.96391505, -23.910488, 0, 52.733242)

[node name="_Node3D_94626" parent="GeneratedForestFloor" unique_id=672842596 instance=ExtResource("6_j7ujn")]
transform = Transform3D(0.16981685, 0, -0.98547566, 0, 1, 0, 0.98547566, 0, 0.16981685, 97.1043, 0, -35.273945)

[node name="_Node3D_94627" parent="GeneratedForestFloor" unique_id=2124453056 instance=ExtResource("7_56cgg")]
transform = Transform3D(-0.6464078, 0, -0.7629921, 0, 1, 0, 0.7629921, 0, -0.6464078, -83.1383, 0, 71.14002)

[node name="_Node3D_94628" parent="GeneratedForestFloor" unique_id=1644248122 instance=ExtResource("8_6mxwh")]
transform = Transform3D(-0.53923285, 0, -0.8421567, 0, 1, 0, 0.8421567, 0, -0.53923285, -84.05002, 0, -24.919939)

[node name="_Node3D_94629" parent="GeneratedForestFloor" unique_id=973106733 instance=ExtResource("6_j7ujn")]
transform = Transform3D(-0.4799355, 0, -0.8773038, 0, 1, 0, 0.8773038, 0, -0.4799355, -88.27788, 0, 88.708046)

[node name="_Node3D_94630" parent="GeneratedForestFloor" unique_id=833285805 instance=ExtResource("7_56cgg")]
transform = Transform3D(0.20037398, 0, 0.97971946, 0, 1, 0, -0.97971946, 0, 0.20037398, 83.56814, 0, 78.290184)

[node name="_Node3D_94631" parent="GeneratedForestFloor" unique_id=405689573 instance=ExtResource("8_6mxwh")]
transform = Transform3D(0.11199581, 0, -0.99370867, 0, 1, 0, 0.99370867, 0, 0.11199581, -63.813496, 0, 24.664494)

[node name="_Node3D_94632" parent="GeneratedForestFloor" unique_id=925158353 instance=ExtResource("7_56cgg")]
transform = Transform3D(0.95187116, 0, -0.30649838, 0, 1, 0, 0.30649838, 0, 0.95187116, -20.291088, 0, -80.96001)

[node name="_Node3D_94633" parent="GeneratedForestFloor" unique_id=1697772996 instance=ExtResource("6_j7ujn")]
transform = Transform3D(0.99288774, 0, 0.11905433, 0, 1, 0, -0.11905433, 0, 0.99288774, -18.793516, 0, -36.690975)

[node name="_Node3D_94634" parent="GeneratedForestFloor" unique_id=80374522 instance=ExtResource("8_6mxwh")]
transform = Transform3D(0.7923369, 0, -0.6100838, 0, 1, 0, 0.6100838, 0, 0.7923369, 60.63779, 0, -40.143463)

[node name="_Node3D_94635" parent="GeneratedForestFloor" unique_id=1187821629 instance=ExtResource("6_j7ujn")]
transform = Transform3D(-0.9989577, 0, -0.04564502, 0, 1, 0, 0.04564502, 0, -0.9989577, 95.25209, 0, 40.33743)

[node name="_Node3D_94636" parent="GeneratedForestFloor" unique_id=149728694 instance=ExtResource("6_j7ujn")]
transform = Transform3D(0.85984206, 0, 0.5105601, 0, 1, 0, -0.5105601, 0, 0.85984206, -24.762463, 0, -47.642166)

[node name="_Node3D_94637" parent="GeneratedForestFloor" unique_id=475641639 instance=ExtResource("7_56cgg")]
transform = Transform3D(-0.35054773, 0, -0.93654484, 0, 1, 0, 0.93654484, 0, -0.35054773, 20.20608, 0, 71.66921)

[node name="_Node3D_94638" parent="GeneratedForestFloor" unique_id=1779449510 instance=ExtResource("7_56cgg")]
transform = Transform3D(0.92139465, 0, -0.38862824, 0, 1, 0, 0.38862824, 0, 0.92139465, 62.35589, 0, -17.111519)

[node name="_Node3D_94639" parent="GeneratedForestFloor" unique_id=92849040 instance=ExtResource("8_6mxwh")]
transform = Transform3D(-0.9210117, 0, -0.3895349, 0, 1, 0, 0.3895349, 0, -0.9210117, -88.05568, 0, 87.825)

[node name="_Node3D_94640" parent="GeneratedForestFloor" unique_id=418243678 instance=ExtResource("8_6mxwh")]
transform = Transform3D(-0.11891861, 0, 0.992904, 0, 1, 0, -0.992904, 0, -0.11891861, 64.50247, 0, -18.201433)

[node name="_Node3D_94641" parent="GeneratedForestFloor" unique_id=1030182948 instance=ExtResource("6_j7ujn")]
transform = Transform3D(-0.7120198, 0, 0.7021594, 0, 1, 0, -0.7021594, 0, -0.7120198, -79.45812, 0, -77.16271)

[node name="_Node3D_94642" parent="GeneratedForestFloor" unique_id=728676431 instance=ExtResource("7_56cgg")]
transform = Transform3D(-0.950385, 0, 0.31107625, 0, 1, 0, -0.31107625, 0, -0.950385, 75.11319, 0, -93.660965)

[node name="_Node3D_94643" parent="GeneratedForestFloor" unique_id=1700022206 instance=ExtResource("6_j7ujn")]
transform = Transform3D(0.76543254, 0, 0.6435162, 0, 1, 0, -0.6435162, 0, 0.76543254, -61.51214, 0, 34.924725)

[node name="_Node3D_94644" parent="GeneratedForestFloor" unique_id=496389820 instance=ExtResource("7_56cgg")]
transform = Transform3D(0.7301543, 0, -0.6832823, 0, 1, 0, 0.6832823, 0, 0.7301543, -51.31073, 0, 54.014538)

[node name="_Node3D_94645" parent="GeneratedForestFloor" unique_id=1025894146 instance=ExtResource("8_6mxwh")]
transform = Transform3D(0.78102374, 0, -0.62450135, 0, 1, 0, 0.62450135, 0, 0.78102374, 1.0705432, 0, -41.924625)

[node name="_Node3D_94646" parent="GeneratedForestFloor" unique_id=2039071759 instance=ExtResource("7_56cgg")]
transform = Transform3D(-0.83487964, 0, 0.55043256, 0, 1, 0, -0.55043256, 0, -0.83487964, 47.30503, 0, 88.268906)

[node name="_Node3D_94647" parent="GeneratedForestFloor" unique_id=1576267960 instance=ExtResource("6_j7ujn")]
transform = Transform3D(0.30023783, 0, -0.9538644, 0, 1, 0, 0.9538644, 0, 0.30023783, -99.98529, 0, -57.824097)

[node name="_Node3D_94648" parent="GeneratedForestFloor" unique_id=1578467506 instance=ExtResource("6_j7ujn")]
transform = Transform3D(0.97805274, 0, 0.20835754, 0, 1, 0, -0.20835754, 0, 0.97805274, 67.510544, 0, -42.84542)

[node name="_Node3D_94649" parent="GeneratedForestFloor" unique_id=1587714235 instance=ExtResource("7_56cgg")]
transform = Transform3D(-0.3131872, 0, 0.9496914, 0, 1, 0, -0.9496914, 0, -0.3131872, 85.44398, 0, -25.541016)

[node name="_Node3D_94650" parent="GeneratedForestFloor" unique_id=1070617380 instance=ExtResource("7_56cgg")]
transform = Transform3D(0.788188, 0, -0.6154345, 0, 1, 0, 0.6154345, 0, 0.788188, 96.52568, 0, -46.009903)

[node name="_Node3D_94651" parent="GeneratedForestFloor" unique_id=1619220221 instance=ExtResource("7_56cgg")]
transform = Transform3D(0.68165624, 0, 0.7316726, 0, 1, 0, -0.7316726, 0, 0.68165624, 29.543018, 0, -54.379826)

[node name="_Node3D_94652" parent="GeneratedForestFloor" unique_id=1685176347 instance=ExtResource("8_6mxwh")]
transform = Transform3D(-0.085691296, 0, 0.99632174, 0, 1, 0, -0.99632174, 0, -0.085691296, 82.9968, 0, 90.63844)

[node name="_Node3D_94653" parent="GeneratedForestFloor" unique_id=1897185391 instance=ExtResource("7_56cgg")]
transform = Transform3D(0.037423942, 0, -0.99929947, 0, 1, 0, 0.99929947, 0, 0.037423942, -89.0947, 0, -80.16004)

[node name="_Node3D_94654" parent="GeneratedForestFloor" unique_id=248422691 instance=ExtResource("8_6mxwh")]
transform = Transform3D(0.93068093, 0, -0.36583188, 0, 1, 0, 0.36583188, 0, 0.93068093, -93.266426, 0, 15.891784)

[node name="_Node3D_94655" parent="GeneratedForestFloor" unique_id=1005534395 instance=ExtResource("6_j7ujn")]
transform = Transform3D(-0.47750404, 0, 0.87862957, 0, 1, 0, -0.87862957, 0, -0.47750404, -12.639868, 0, -93.88032)

[node name="_Node3D_94657" parent="GeneratedForestFloor" unique_id=1182050632 instance=ExtResource("7_56cgg")]
transform = Transform3D(0.56006545, 0, 0.82844836, 0, 1, 0, -0.82844836, 0, 0.56006545, 29.84809, 0, -30.872396)

[node name="_Node3D_94658" parent="GeneratedForestFloor" unique_id=2086353276 instance=ExtResource("7_56cgg")]
transform = Transform3D(0.9887424, 0, -0.14962758, 0, 1, 0, 0.14962758, 0, 0.9887424, -57.474277, 0, -14.158945)

[node name="_Node3D_94659" parent="GeneratedForestFloor" unique_id=834627872 instance=ExtResource("6_j7ujn")]
transform = Transform3D(0.45483637, 0, 0.890575, 0, 1, 0, -0.890575, 0, 0.45483637, -21.660923, 0, -41.845562)

[node name="_Node3D_94660" parent="GeneratedForestFloor" unique_id=1012682581 instance=ExtResource("8_6mxwh")]
transform = Transform3D(-0.024192996, 0, -0.9997073, 0, 1, 0, 0.9997073, 0, -0.024192996, 34.975418, 0, 72.24651)

[node name="_Node3D_94661" parent="GeneratedForestFloor" unique_id=188480992 instance=ExtResource("7_56cgg")]
transform = Transform3D(0.9646568, 0, -0.26350963, 0, 1, 0, 0.26350963, 0, 0.9646568, 91.13104, 0, -46.649265)

[node name="_Node3D_94662" parent="GeneratedForestFloor" unique_id=940830450 instance=ExtResource("8_6mxwh")]
transform = Transform3D(0.8610855, 0, 0.5084602, 0, 1, 0, -0.5084602, 0, 0.8610855, -6.630697, 0, 28.289337)

[node name="_Node3D_94663" parent="GeneratedForestFloor" unique_id=1947491134 instance=ExtResource("6_j7ujn")]
transform = Transform3D(-0.7231533, 0, 0.69068754, 0, 1, 0, -0.69068754, 0, -0.7231533, -35.7119, 0, -63.36123)

[node name="_Node3D_94664" parent="GeneratedForestFloor" unique_id=705549941 instance=ExtResource("7_56cgg")]
transform = Transform3D(0.30942702, 0, 0.9509232, 0, 1, 0, -0.9509232, 0, 0.30942702, -30.921677, 0, 1.413265)

[node name="_Node3D_94665" parent="GeneratedForestFloor" unique_id=828747315 instance=ExtResource("6_j7ujn")]
transform = Transform3D(0.3528094, 0, 0.93569523, 0, 1, 0, -0.93569523, 0, 0.3528094, -41.885754, 0, 78.16408)

[node name="_Node3D_94666" parent="GeneratedForestFloor" unique_id=408004376 instance=ExtResource("6_j7ujn")]
transform = Transform3D(0.84950215, 0, -0.5275852, 0, 1, 0, 0.5275852, 0, 0.84950215, -98.811485, 0, -75.75862)

[node name="_Node3D_94667" parent="GeneratedForestFloor" unique_id=150556442 instance=ExtResource("6_j7ujn")]
transform = Transform3D(-0.40226808, 0, -0.9155219, 0, 1, 0, 0.9155219, 0, -0.40226808, 45.9923, 0, 99.271866)

[node name="_Node3D_94668" parent="GeneratedForestFloor" unique_id=1047780374 instance=ExtResource("8_6mxwh")]
transform = Transform3D(0.67092353, 0, 0.74152654, 0, 1, 0, -0.74152654, 0, 0.67092353, -25.196426, 0, 71.29477)

[node name="_Node3D_94669" parent="GeneratedForestFloor" unique_id=1290649571 instance=ExtResource("8_6mxwh")]
transform = Transform3D(0.11979904, 0, -0.99279815, 0, 1, 0, 0.99279815, 0, 0.11979904, 80.21631, 0, 70.268265)

[node name="_Node3D_94670" parent="GeneratedForestFloor" unique_id=1790023644 instance=ExtResource("8_6mxwh")]
transform = Transform3D(0.9982742, 0, -0.05872523, 0, 1, 0, 0.05872523, 0, 0.9982742, -70.00522, 0, -86.198494)

[node name="_Node3D_94671" parent="GeneratedForestFloor" unique_id=782450959 instance=ExtResource("6_j7ujn")]
transform = Transform3D(-0.11052588, 0, -0.99387324, 0, 1, 0, 0.99387324, 0, -0.11052588, -24.82633, 0, 56.895847)

[node name="_Node3D_94672" parent="GeneratedForestFloor" unique_id=308058209 instance=ExtResource("8_6mxwh")]
transform = Transform3D(-0.74603176, 0, -0.66591036, 0, 1, 0, 0.66591036, 0, -0.74603176, -51.85563, 0, -46.75501)

[node name="_Node3D_94673" parent="GeneratedForestFloor" unique_id=1851632477 instance=ExtResource("7_56cgg")]
transform = Transform3D(-0.51718783, 0, 0.8558719, 0, 1, 0, -0.8558719, 0, -0.51718783, 44.257736, 0, 38.504642)

[node name="_Node3D_94674" parent="GeneratedForestFloor" unique_id=1840965061 instance=ExtResource("8_6mxwh")]
transform = Transform3D(-0.91420144, 0, 0.40526012, 0, 1, 0, -0.40526012, 0, -0.91420144, -33.335598, 0, 75.79651)

[node name="_Node3D_94675" parent="GeneratedForestFloor" unique_id=1379583823 instance=ExtResource("7_56cgg")]
transform = Transform3D(0.8234416, 0, -0.56740105, 0, 1, 0, 0.56740105, 0, 0.8234416, -20.655941, 0, -69.67294)

[node name="_Node3D_94676" parent="GeneratedForestFloor" unique_id=1050600520 instance=ExtResource("6_j7ujn")]
transform = Transform3D(0.69525594, 0, -0.7187622, 0, 1, 0, 0.7187622, 0, 0.69525594, -23.756832, 0, -51.873253)

[node name="_Node3D_94677" parent="GeneratedForestFloor" unique_id=1167788633 instance=ExtResource("7_56cgg")]
transform = Transform3D(-0.007853416, 0, -0.9999692, 0, 1, 0, 0.9999692, 0, -0.007853416, -79.91262, 0, -71.22923)

[node name="_Node3D_94678" parent="GeneratedForestFloor" unique_id=1468243572 instance=ExtResource("7_56cgg")]
transform = Transform3D(0.9852585, 0, -0.17107213, 0, 1, 0, 0.17107213, 0, 0.9852585, -36.617413, 0, 21.409986)

[node name="_Node3D_94679" parent="GeneratedForestFloor" unique_id=292624976 instance=ExtResource("8_6mxwh")]
transform = Transform3D(-0.9807023, 0, 0.19550717, 0, 1, 0, -0.19550717, 0, -0.9807023, 8.95273, 0, 78.29888)

[node name="_Node3D_94680" parent="GeneratedForestFloor" unique_id=346266686 instance=ExtResource("8_6mxwh")]
transform = Transform3D(0.73620176, 0, 0.6767621, 0, 1, 0, -0.6767621, 0, 0.73620176, 35.478245, 0, 97.035324)

[node name="_Node3D_94681" parent="GeneratedForestFloor" unique_id=1353393893 instance=ExtResource("6_j7ujn")]
transform = Transform3D(0.4739751, 0, 0.8805383, 0, 1, 0, -0.8805383, 0, 0.4739751, 49.46022, 0, 47.11603)

[node name="_Node3D_94682" parent="GeneratedForestFloor" unique_id=782197067 instance=ExtResource("7_56cgg")]
transform = Transform3D(-0.16515389, 0, -0.9862678, 0, 1, 0, 0.9862678, 0, -0.16515389, -10.820713, 0, 7.3867636)

[node name="_Node3D_94683" parent="GeneratedForestFloor" unique_id=1459930456 instance=ExtResource("7_56cgg")]
transform = Transform3D(-0.54684645, 0, 0.83723295, 0, 1, 0, -0.83723295, 0, -0.54684645, -71.23753, 0, 46.890312)

[node name="_Node3D_94684" parent="GeneratedForestFloor" unique_id=884513725 instance=ExtResource("8_6mxwh")]
transform = Transform3D(0.545503, 0, 0.83810884, 0, 1, 0, -0.83810884, 0, 0.545503, -33.76741, 0, -83.06293)

[node name="_Node3D_94685" parent="GeneratedForestFloor" unique_id=153283105 instance=ExtResource("7_56cgg")]
transform = Transform3D(0.3201029, 0, 0.9473828, 0, 1, 0, -0.9473828, 0, 0.3201029, 21.981966, 0, 73.410614)

[node name="_Node3D_94686" parent="GeneratedForestFloor" unique_id=1489015126 instance=ExtResource("6_j7ujn")]
transform = Transform3D(-0.016530702, 0, -0.9998634, 0, 1, 0, 0.9998634, 0, -0.016530702, 23.330671, 0, -14.833326)

[node name="_Node3D_94687" parent="GeneratedForestFloor" unique_id=231820839 instance=ExtResource("8_6mxwh")]
transform = Transform3D(-0.93167454, 0, -0.36329395, 0, 1, 0, 0.36329395, 0, -0.93167454, -82.760345, 0, 54.190727)

[node name="_Node3D_94688" parent="GeneratedForestFloor" unique_id=847528160 instance=ExtResource("8_6mxwh")]
transform = Transform3D(0.9545067, 0, 0.29818943, 0, 1, 0, -0.29818943, 0, 0.9545067, -33.163273, 0, 25.555943)

[node name="_Node3D_94689" parent="GeneratedForestFloor" unique_id=651696136 instance=ExtResource("6_j7ujn")]
transform = Transform3D(-0.29926223, 0, -0.9541709, 0, 1, 0, 0.9541709, 0, -0.29926223, 48.435932, 0, -18.523863)

[node name="_Node3D_94690" parent="GeneratedForestFloor" unique_id=1080333937 instance=ExtResource("8_6mxwh")]
transform = Transform3D(-0.69600713, 0, -0.71803486, 0, 1, 0, 0.71803486, 0, -0.69600713, -0.45302022, 0, 0.15657352)

[node name="_Node3D_94691" parent="GeneratedForestFloor" unique_id=807692524 instance=ExtResource("7_56cgg")]
transform = Transform3D(0.3276467, 0, -0.9448003, 0, 1, 0, 0.9448003, 0, 0.3276467, -74.12257, 0, -30.956484)

[node name="_Node3D_94692" parent="GeneratedForestFloor" unique_id=2087313059 instance=ExtResource("8_6mxwh")]
transform = Transform3D(-0.44229612, 0, -0.89686906, 0, 1, 0, 0.89686906, 0, -0.44229612, -31.902542, 0, 16.98166)

[node name="_Node3D_94693" parent="GeneratedForestFloor" unique_id=298738176 instance=ExtResource("7_56cgg")]
transform = Transform3D(0.94927406, 0, -0.31444997, 0, 1, 0, 0.31444997, 0, 0.94927406, 54.305244, 0, -27.010586)

[node name="_Node3D_94694" parent="GeneratedForestFloor" unique_id=24914591 instance=ExtResource("7_56cgg")]
transform = Transform3D(-0.02583888, 0, -0.9996661, 0, 1, 0, 0.9996661, 0, -0.02583888, 15.986111, 0, -15.936775)

[node name="_Node3D_94695" parent="GeneratedForestFloor" unique_id=1404427026 instance=ExtResource("8_6mxwh")]
transform = Transform3D(-0.9996336, 0, -0.027066827, 0, 1, 0, 0.027066827, 0, -0.9996336, 70.37009, 0, -26.338163)

[node name="_Node3D_94696" parent="GeneratedForestFloor" unique_id=1607314678 instance=ExtResource("6_j7ujn")]
transform = Transform3D(-0.33307678, 0, -0.9428997, 0, 1, 0, 0.9428997, 0, -0.33307678, -67.520164, 0, 0.57683134)

[node name="_Node3D_94697" parent="GeneratedForestFloor" unique_id=1400688425 instance=ExtResource("7_56cgg")]
transform = Transform3D(-0.5655049, 0, 0.82474494, 0, 1, 0, -0.82474494, 0, -0.5655049, 21.176962, 0, -89.96323)

[node name="_Node3D_94698" parent="GeneratedForestFloor" unique_id=1755478613 instance=ExtResource("7_56cgg")]
transform = Transform3D(0.75177515, 0, 0.65941954, 0, 1, 0, -0.65941954, 0, 0.75177515, 90.65149, 0, 36.158524)

[node name="_Node3D_94699" parent="GeneratedForestFloor" unique_id=952364480 instance=ExtResource("8_6mxwh")]
transform = Transform3D(0.45387214, 0, -0.89106685, 0, 1, 0, 0.89106685, 0, 0.45387214, 79.1559, 0, -97.87535)

[node name="_Node3D_94700" parent="GeneratedForestFloor" unique_id=839064222 instance=ExtResource("8_6mxwh")]
transform = Transform3D(-0.50462663, 0, -0.8633377, 0, 1, 0, 0.8633377, 0, -0.50462663, 89.946106, 0, 72.80866)

[node name="_Node3D_94701" parent="GeneratedForestFloor" unique_id=944444206 instance=ExtResource("7_56cgg")]
transform = Transform3D(0.9334127, 0, 0.35880464, 0, 1, 0, -0.35880464, 0, 0.9334127, 72.565414, 0, 86.36303)

[node name="_Node3D_94702" parent="GeneratedForestFloor" unique_id=227500696 instance=ExtResource("6_j7ujn")]
transform = Transform3D(-0.25977394, 0, -0.96566945, 0, 1, 0, 0.96566945, 0, -0.25977394, -44.653057, 0, -92.35816)

[node name="_Node3D_94703" parent="GeneratedForestFloor" unique_id=1155029593 instance=ExtResource("6_j7ujn")]
transform = Transform3D(0.93300074, 0, -0.3598745, 0, 1, 0, 0.3598745, 0, 0.93300074, 2.0453296, 0, 58.500923)

[node name="_Node3D_94704" parent="GeneratedForestFloor" unique_id=1488598943 instance=ExtResource("8_6mxwh")]
transform = Transform3D(-0.42404544, 0, 0.9056409, 0, 1, 0, -0.9056409, 0, -0.42404544, 45.424797, 0, 40.946404)

[node name="_Node3D_94705" parent="GeneratedForestFloor" unique_id=1574261066 instance=ExtResource("7_56cgg")]
transform = Transform3D(-0.842184, 0, -0.5391902, 0, 1, 0, 0.5391902, 0, -0.842184, 95.71491, 0, 32.199493)

[node name="_Node3D_94706" parent="GeneratedForestFloor" unique_id=1501364243 instance=ExtResource("6_j7ujn")]
